m1 = 2000;
m2 = 200;
k1 = 40000;
k2 = 400000;
b = 400;